1055.5771680442294 432108.14925398596 463110.5616859074 100001.0527656948 100001.0527656948 8 24 290538
1055.5771680442294 432108.14925398596 463110.5616859074 100001.0527656948 100001.0527656948 8 24 290538
1055.5771680442294 432108.14925398596 463110.5616859074 100001.0527656948 100001.0527656948 8 24 290538
1055.5771680442294 432108.14925398596 463110.5616859074 100001.0527656948 100001.0527656948 8 24 290538
1055.5771680442294 432108.14925398596 463110.5616859074 100001.0527656948 100001.0527656948 8 24 290538
1055.5771680442294 432108.14925398596 463110.5616859074 100001.0527656948 100001.0527656948 8 24 290538
1055.5771680442294 432108.14925398596 463110.5616859074 100001.0527656948 100001.0527656948 8 24 290538
1055.5771680442294 432108.14925398596 463110.5616859074 100001.0527656948 100001.0527656948 8 24 290538
1055.5771680442294 432108.14925398596 463110.5616859074 100001.0527656948 100001.0527656948 8 24 290538
1055.5771680442294 432108.14925398596 463110.5616859074 100001.0527656948 100001.0527656948 8 24 290538
1055.5771680442294 432108.14925398596 463110.5616859074 100001.0527656948 100001.0527656948 8 24 290538
